Evaluations	Best_Fitness
32	[1.6746482334437203, 10.09321967892789, 1.8730989396970552]
64	[1.4465868504100712, 9.387333613655146, 1.1520539852670093]
96	[1.4465868504100712, 9.387333613655146, 1.1520539852670093]
128	[1.4465868504100712, 9.387333613655146, 1.1520539852670093]
160	[1.4465868504100712, 9.387333613655146, 1.1520539852670093]
192	[1.369980518658974, 8.884677914166327, 1.8554904020205953]
224	[1.369980518658974, 8.884677914166327, 1.8554904020205953]
256	[1.465630284602325, 8.626252818896598, 2.015347937201342]
288	[1.465630284602325, 8.626252818896598, 2.015347937201342]
320	[1.3118754707274538, 9.26213514187699, 1.1334096003592826]
352	[1.3118754707274538, 9.26213514187699, 1.1334096003592826]
384	[1.3248313149853612, 9.247486237286761, 1.0357201269548568]
416	[1.3248313149853612, 9.247486237286761, 1.0357201269548568]
448	[1.3248313149853612, 9.247486237286761, 1.0357201269548568]
480	[1.5520025654620517, 8.563457834128988, 1.6033612003462276]
512	[1.5520025654620517, 8.563457834128988, 1.6033612003462276]
544	[1.5520025654620517, 8.563457834128988, 1.6033612003462276]
576	[1.5520025654620517, 8.563457834128988, 1.6033612003462276]
608	[1.5520025654620517, 8.563457834128988, 1.6033612003462276]
640	[1.5520025654620517, 8.563457834128988, 1.6033612003462276]
672	[1.5520025654620517, 8.563457834128988, 1.6033612003462276]
704	[1.5520025654620517, 8.563457834128988, 1.6033612003462276]
736	[1.5520025654620517, 8.563457834128988, 1.6033612003462276]
768	[1.5520025654620517, 8.563457834128988, 1.6033612003462276]
800	[1.5520025654620517, 8.563457834128988, 1.6033612003462276]
832	[1.5520025654620517, 8.563457834128988, 1.6033612003462276]
864	[1.5520025654620517, 8.563457834128988, 1.6033612003462276]
896	[1.5520025654620517, 8.563457834128988, 1.6033612003462276]
928	[1.559570812408205, 8.639985868616087, 1.4926473059957535]
960	[1.559570812408205, 8.639985868616087, 1.4926473059957535]
992	[1.559570812408205, 8.639985868616087, 1.4926473059957535]
1024	[1.559570812408205, 8.639985868616087, 1.4926473059957535]
1056	[1.559570812408205, 8.639985868616087, 1.4926473059957535]
1088	[1.3516716612668513, 8.775076314277742, 2.0025943403555715]
1120	[1.3516716612668513, 8.775076314277742, 2.0025943403555715]
1152	[1.3516716612668513, 8.775076314277742, 2.0025943403555715]
1184	[1.3516716612668513, 8.775076314277742, 2.0025943403555715]
1216	[1.2916342229956383, 9.158423345303504, 1.0070654100671759]
1248	[1.2916342229956383, 9.158423345303504, 1.0070654100671759]
1280	[1.2916342229956383, 9.158423345303504, 1.0070654100671759]
1312	[1.2916342229956383, 9.158423345303504, 1.0070654100671759]
1344	[1.2916342229956383, 9.158423345303504, 1.0070654100671759]
1376	[1.2916342229956383, 9.158423345303504, 1.0070654100671759]
1408	[1.2916342229956383, 9.158423345303504, 1.0070654100671759]
1440	[1.2916342229956383, 9.158423345303504, 1.0070654100671759]
1472	[1.2916342229956383, 9.158423345303504, 1.0070654100671759]
1504	[1.2916342229956383, 9.158423345303504, 1.0070654100671759]
1536	[1.2916342229956383, 9.158423345303504, 1.0070654100671759]
1568	[1.2916342229956383, 9.158423345303504, 1.0070654100671759]
1600	[1.2916342229956383, 9.158423345303504, 1.0070654100671759]
1632	[1.2916342229956383, 9.158423345303504, 1.0070654100671759]
1664	[1.2916342229956383, 9.158423345303504, 1.0070654100671759]
1696	[1.2916342229956383, 9.158423345303504, 1.0070654100671759]
1728	[1.2916342229956383, 9.158423345303504, 1.0070654100671759]
1760	[1.2916342229956383, 9.158423345303504, 1.0070654100671759]
1792	[1.2916342229956383, 9.158423345303504, 1.0070654100671759]
1824	[1.2916342229956383, 9.158423345303504, 1.0070654100671759]
1856	[1.2916342229956383, 9.158423345303504, 1.0070654100671759]
1888	[1.2916342229956383, 9.158423345303504, 1.0070654100671759]
1920	[1.2916342229956383, 9.158423345303504, 1.0070654100671759]
1952	[1.2916342229956383, 9.158423345303504, 1.0070654100671759]
1984	[1.2916342229956383, 9.158423345303504, 1.0070654100671759]
2016	[1.2916342229956383, 9.158423345303504, 1.0070654100671759]
2048	[1.2916342229956383, 9.158423345303504, 1.0070654100671759]
2080	[1.2916342229956383, 9.158423345303504, 1.0070654100671759]
2112	[1.2916342229956383, 9.158423345303504, 1.0070654100671759]
2144	[1.2916342229956383, 9.158423345303504, 1.0070654100671759]
2176	[1.2916342229956383, 9.158423345303504, 1.0070654100671759]
2208	[1.2520545877617977, 9.216335373310763, 1.0543440370048127]
2240	[1.2520545877617977, 9.216335373310763, 1.0543440370048127]
2272	[1.2520545877617977, 9.216335373310763, 1.0543440370048127]
2304	[1.2520545877617977, 9.216335373310763, 1.0543440370048127]
2336	[1.2520545877617977, 9.216335373310763, 1.0543440370048127]
2368	[1.2520545877617977, 9.216335373310763, 1.0543440370048127]
2400	[1.2520545877617977, 9.216335373310763, 1.0543440370048127]
2432	[1.2520545877617977, 9.216335373310763, 1.0543440370048127]
2464	[1.2520545877617977, 9.216335373310763, 1.0543440370048127]
2496	[1.2520545877617977, 9.216335373310763, 1.0543440370048127]
2528	[1.2520545877617977, 9.216335373310763, 1.0543440370048127]
2560	[1.2520545877617977, 9.216335373310763, 1.0543440370048127]
2592	[1.2520545877617977, 9.216335373310763, 1.0543440370048127]
2624	[1.2520545877617977, 9.216335373310763, 1.0543440370048127]
2656	[1.2520545877617977, 9.216335373310763, 1.0543440370048127]
2688	[1.2520545877617977, 9.216335373310763, 1.0543440370048127]
2720	[1.2520545877617977, 9.216335373310763, 1.0543440370048127]
2752	[1.2520545877617977, 9.216335373310763, 1.0543440370048127]
2784	[1.552075025005227, 8.51686154836283, 1.7604490640571107]
2816	[1.552075025005227, 8.51686154836283, 1.7604490640571107]
2848	[1.552075025005227, 8.51686154836283, 1.7604490640571107]
2880	[1.552075025005227, 8.51686154836283, 1.7604490640571107]
2912	[1.552075025005227, 8.51686154836283, 1.7604490640571107]
2944	[1.552075025005227, 8.51686154836283, 1.7604490640571107]
2976	[1.552075025005227, 8.51686154836283, 1.7604490640571107]
3008	[1.552075025005227, 8.51686154836283, 1.7604490640571107]
3040	[1.552075025005227, 8.51686154836283, 1.7604490640571107]
3072	[1.552075025005227, 8.51686154836283, 1.7604490640571107]
3104	[1.552075025005227, 8.51686154836283, 1.7604490640571107]
3136	[1.552075025005227, 8.51686154836283, 1.7604490640571107]
3168	[1.552075025005227, 8.51686154836283, 1.7604490640571107]
3200	[1.552075025005227, 8.51686154836283, 1.7604490640571107]
3232	[1.552075025005227, 8.51686154836283, 1.7604490640571107]
3264	[1.552075025005227, 8.51686154836283, 1.7604490640571107]
3296	[1.552075025005227, 8.51686154836283, 1.7604490640571107]
3328	[1.552075025005227, 8.51686154836283, 1.7604490640571107]
3360	[1.552075025005227, 8.51686154836283, 1.7604490640571107]
3392	[1.552075025005227, 8.51686154836283, 1.7604490640571107]
3424	[1.552075025005227, 8.51686154836283, 1.7604490640571107]
3456	[1.552075025005227, 8.51686154836283, 1.7604490640571107]
3488	[1.552075025005227, 8.51686154836283, 1.7604490640571107]
3520	[1.552075025005227, 8.51686154836283, 1.7604490640571107]
3552	[1.552075025005227, 8.51686154836283, 1.7604490640571107]
3584	[1.552075025005227, 8.51686154836283, 1.7604490640571107]
3616	[1.552075025005227, 8.51686154836283, 1.7604490640571107]
3648	[1.552075025005227, 8.51686154836283, 1.7604490640571107]
3680	[1.552075025005227, 8.51686154836283, 1.7604490640571107]
3712	[1.552075025005227, 8.51686154836283, 1.7604490640571107]
3744	[1.552075025005227, 8.51686154836283, 1.7604490640571107]
3776	[1.552075025005227, 8.51686154836283, 1.7604490640571107]
3808	[1.552075025005227, 8.51686154836283, 1.7604490640571107]
3840	[1.552075025005227, 8.51686154836283, 1.7604490640571107]
3872	[1.552075025005227, 8.51686154836283, 1.7604490640571107]
3904	[1.552075025005227, 8.51686154836283, 1.7604490640571107]
3936	[1.552075025005227, 8.51686154836283, 1.7604490640571107]
3968	[1.552075025005227, 8.51686154836283, 1.7604490640571107]
4000	[1.552075025005227, 8.51686154836283, 1.7604490640571107]
4032	[1.552075025005227, 8.51686154836283, 1.7604490640571107]
4064	[1.552075025005227, 8.51686154836283, 1.7604490640571107]
4096	[1.552075025005227, 8.51686154836283, 1.7604490640571107]
4128	[1.552075025005227, 8.51686154836283, 1.7604490640571107]
4160	[1.552075025005227, 8.51686154836283, 1.7604490640571107]
4192	[1.552075025005227, 8.51686154836283, 1.7604490640571107]
4224	[1.552075025005227, 8.51686154836283, 1.7604490640571107]
4256	[1.552075025005227, 8.51686154836283, 1.7604490640571107]
4288	[1.552075025005227, 8.51686154836283, 1.7604490640571107]
4320	[1.552075025005227, 8.51686154836283, 1.7604490640571107]
4352	[1.552075025005227, 8.51686154836283, 1.7604490640571107]
4384	[1.552075025005227, 8.51686154836283, 1.7604490640571107]
4416	[1.552075025005227, 8.51686154836283, 1.7604490640571107]
4448	[1.552075025005227, 8.51686154836283, 1.7604490640571107]
4480	[1.552075025005227, 8.51686154836283, 1.7604490640571107]
4512	[1.552075025005227, 8.51686154836283, 1.7604490640571107]
4544	[1.552075025005227, 8.51686154836283, 1.7604490640571107]
4576	[1.552075025005227, 8.51686154836283, 1.7604490640571107]
4608	[1.552075025005227, 8.51686154836283, 1.7604490640571107]
4640	[1.552075025005227, 8.51686154836283, 1.7604490640571107]
4672	[1.552075025005227, 8.51686154836283, 1.7604490640571107]
4704	[1.552075025005227, 8.51686154836283, 1.7604490640571107]
4736	[1.552075025005227, 8.51686154836283, 1.7604490640571107]
4768	[1.552075025005227, 8.51686154836283, 1.7604490640571107]
4800	[1.552075025005227, 8.51686154836283, 1.7604490640571107]
4832	[1.552075025005227, 8.51686154836283, 1.7604490640571107]
4864	[1.552075025005227, 8.51686154836283, 1.7604490640571107]
4896	[1.552075025005227, 8.51686154836283, 1.7604490640571107]
4928	[1.552075025005227, 8.51686154836283, 1.7604490640571107]
4960	[1.552075025005227, 8.51686154836283, 1.7604490640571107]
4992	[1.552075025005227, 8.51686154836283, 1.7604490640571107]
5024	[1.552075025005227, 8.51686154836283, 1.7604490640571107]
5056	[1.552075025005227, 8.51686154836283, 1.7604490640571107]
5088	[1.552075025005227, 8.51686154836283, 1.7604490640571107]
5120	[1.552075025005227, 8.51686154836283, 1.7604490640571107]
5152	[1.552075025005227, 8.51686154836283, 1.7604490640571107]
5184	[1.552075025005227, 8.51686154836283, 1.7604490640571107]
5216	[1.552075025005227, 8.51686154836283, 1.7604490640571107]
5248	[1.552075025005227, 8.51686154836283, 1.7604490640571107]
5280	[1.552075025005227, 8.51686154836283, 1.7604490640571107]
5312	[1.552075025005227, 8.51686154836283, 1.7604490640571107]
5344	[1.552075025005227, 8.51686154836283, 1.7604490640571107]
5376	[1.552075025005227, 8.51686154836283, 1.7604490640571107]
5408	[1.552075025005227, 8.51686154836283, 1.7604490640571107]
5440	[1.552075025005227, 8.51686154836283, 1.7604490640571107]
5472	[1.552075025005227, 8.51686154836283, 1.7604490640571107]
5504	[1.552075025005227, 8.51686154836283, 1.7604490640571107]
5536	[1.552075025005227, 8.51686154836283, 1.7604490640571107]
5568	[1.552075025005227, 8.51686154836283, 1.7604490640571107]
5600	[1.552075025005227, 8.51686154836283, 1.7604490640571107]
5632	[1.552075025005227, 8.51686154836283, 1.7604490640571107]
5664	[1.552075025005227, 8.51686154836283, 1.7604490640571107]
5696	[1.552075025005227, 8.51686154836283, 1.7604490640571107]
5728	[1.552075025005227, 8.51686154836283, 1.7604490640571107]
5760	[1.552075025005227, 8.51686154836283, 1.7604490640571107]
5792	[1.552075025005227, 8.51686154836283, 1.7604490640571107]
5824	[1.552075025005227, 8.51686154836283, 1.7604490640571107]
5856	[1.552075025005227, 8.51686154836283, 1.7604490640571107]
5888	[1.552075025005227, 8.51686154836283, 1.7604490640571107]
5920	[1.552075025005227, 8.51686154836283, 1.7604490640571107]
5952	[1.552075025005227, 8.51686154836283, 1.7604490640571107]
5984	[1.552075025005227, 8.51686154836283, 1.7604490640571107]
6016	[1.552075025005227, 8.51686154836283, 1.7604490640571107]
6048	[1.552075025005227, 8.51686154836283, 1.7604490640571107]
6080	[1.552075025005227, 8.51686154836283, 1.7604490640571107]
6112	[1.552075025005227, 8.51686154836283, 1.7604490640571107]
6144	[1.552075025005227, 8.51686154836283, 1.7604490640571107]
6176	[1.552075025005227, 8.51686154836283, 1.7604490640571107]
6208	[1.552075025005227, 8.51686154836283, 1.7604490640571107]
6240	[1.552075025005227, 8.51686154836283, 1.7604490640571107]
6272	[1.552075025005227, 8.51686154836283, 1.7604490640571107]
6304	[1.552075025005227, 8.51686154836283, 1.7604490640571107]
6336	[1.552075025005227, 8.51686154836283, 1.7604490640571107]
6368	[1.552075025005227, 8.51686154836283, 1.7604490640571107]
6400	[1.552075025005227, 8.51686154836283, 1.7604490640571107]
